,ecologie,economie,education,immigration,sante,securite_defense,date
725,0,1,0,0,0,0,2022-01-01 10:33:06+00:00
724,0,1,0,0,0,0,2022-01-02 18:57:57+00:00
723,0,0,1,0,0,0,2022-01-02 19:01:58+00:00
722,0,0,0,0,0,1,2022-01-02 19:07:37+00:00
721,0,0,0,0,0,1,2022-01-02 19:40:04+00:00
720,0,0,0,0,0,1,2022-01-03 07:15:22+00:00
719,0,0,0,0,1,0,2022-01-03 07:17:53+00:00
718,0,1,0,0,0,0,2022-01-03 07:26:29+00:00
717,0,1,0,0,0,0,2022-01-03 07:31:00+00:00
716,1,0,0,0,0,0,2022-01-03 07:39:19+00:00
715,0,0,0,1,0,0,2022-01-03 07:42:03+00:00
714,0,0,0,0,0,1,2022-01-03 07:51:38+00:00
713,0,0,0,0,0,1,2022-01-03 07:55:20+00:00
712,1,0,0,0,0,0,2022-01-03 08:31:38+00:00
711,0,0,0,0,0,1,2022-01-03 09:34:38+00:00
710,0,0,1,0,0,0,2022-01-03 15:06:50+00:00
709,0,0,0,0,1,0,2022-01-04 20:57:08+00:00
708,0,1,0,0,0,0,2022-01-05 12:04:11+00:00
707,1,0,0,0,0,0,2022-01-05 12:15:52+00:00
706,0,1,0,0,0,0,2022-01-05 18:38:20+00:00
705,0,1,0,0,0,0,2022-01-05 18:40:34+00:00
704,0,0,1,0,0,0,2022-01-05 21:58:27+00:00
703,0,0,1,0,0,0,2022-01-06 07:35:51+00:00
702,0,0,1,0,0,0,2022-01-06 07:38:15+00:00
701,0,1,0,0,0,0,2022-01-06 07:42:20+00:00
700,0,1,0,0,0,0,2022-01-06 07:45:07+00:00
699,1,0,0,0,0,0,2022-01-06 07:56:37+00:00
698,0,0,0,0,0,1,2022-01-06 09:00:59+00:00
697,0,1,0,0,0,0,2022-01-06 09:09:28+00:00
696,0,0,0,0,0,1,2022-01-06 10:18:49+00:00
695,0,0,0,0,0,1,2022-01-06 10:22:16+00:00
694,1,0,0,0,0,0,2022-01-06 13:15:51+00:00
693,0,1,0,0,0,0,2022-01-06 15:07:53+00:00
692,1,0,0,0,0,0,2022-01-06 15:12:53+00:00
691,0,0,1,0,0,0,2022-01-06 15:20:47+00:00
690,0,0,0,0,1,0,2022-01-06 18:40:54+00:00
689,0,1,0,0,0,0,2022-01-06 20:26:53+00:00
688,0,0,1,0,0,0,2022-01-07 18:49:03+00:00
687,0,0,0,1,0,0,2022-01-08 14:22:05+00:00
686,1,0,0,0,0,0,2022-01-09 11:14:29+00:00
685,0,0,0,0,0,1,2022-01-09 11:17:25+00:00
684,0,1,0,0,0,0,2022-01-09 11:18:52+00:00
683,0,0,0,0,0,1,2022-01-09 11:21:18+00:00
682,0,1,0,0,0,0,2022-01-09 11:23:49+00:00
681,1,0,0,0,0,0,2022-01-09 11:27:30+00:00
680,0,0,0,1,0,0,2022-01-09 11:30:06+00:00
679,0,0,1,0,0,0,2022-01-09 11:38:39+00:00
678,0,0,0,0,0,1,2022-01-09 12:37:00+00:00
677,1,0,0,0,0,0,2022-01-09 12:53:00+00:00
676,0,0,0,0,0,1,2022-01-09 15:30:15+00:00
675,1,0,0,0,0,0,2022-01-09 15:30:48+00:00
674,1,0,0,0,0,0,2022-01-09 18:17:07+00:00
673,1,0,0,0,0,0,2022-01-10 18:21:42+00:00
672,0,1,0,0,0,0,2022-01-11 07:18:50+00:00
671,1,0,0,0,0,0,2022-01-11 07:21:15+00:00
670,0,0,0,0,0,1,2022-01-11 07:24:40+00:00
669,0,1,0,0,0,0,2022-01-11 07:30:10+00:00
668,1,0,0,0,0,0,2022-01-11 07:37:43+00:00
667,0,0,0,0,0,1,2022-01-11 09:07:17+00:00
666,0,1,0,0,0,0,2022-01-11 11:10:12+00:00
665,0,0,0,1,0,0,2022-01-11 14:47:58+00:00
664,0,0,0,1,0,0,2022-01-11 17:40:45+00:00
663,0,1,0,0,0,0,2022-01-12 11:23:37+00:00
662,0,0,0,1,0,0,2022-01-12 11:28:42+00:00
661,0,1,0,0,0,0,2022-01-12 11:37:07+00:00
660,0,1,0,0,0,0,2022-01-12 15:16:37+00:00
659,0,1,0,0,0,0,2022-01-12 15:25:02+00:00
658,0,0,0,1,0,0,2022-01-12 15:25:32+00:00
657,0,0,1,0,0,0,2022-01-12 16:43:36+00:00
656,0,1,0,0,0,0,2022-01-12 17:27:40+00:00
655,0,1,0,0,0,0,2022-01-12 19:00:01+00:00
654,0,0,0,1,0,0,2022-01-12 19:28:49+00:00
653,0,1,0,0,0,0,2022-01-13 08:42:39+00:00
652,0,0,0,0,0,1,2022-01-13 11:45:27+00:00
651,0,0,0,1,0,0,2022-01-13 12:30:12+00:00
650,0,1,0,0,0,0,2022-01-13 16:30:29+00:00
649,0,1,0,0,0,0,2022-01-13 16:35:17+00:00
648,0,1,0,0,0,0,2022-01-13 19:03:12+00:00
647,0,0,0,1,0,0,2022-01-13 20:54:47+00:00
646,0,0,0,1,0,0,2022-01-14 08:30:01+00:00
645,0,0,0,0,1,0,2022-01-14 09:04:41+00:00
644,0,0,0,0,0,1,2022-01-14 10:51:48+00:00
643,0,1,0,0,0,0,2022-01-14 11:19:17+00:00
642,0,0,0,0,0,1,2022-01-15 09:51:13+00:00
641,0,1,0,0,0,0,2022-01-17 06:45:44+00:00
640,1,0,0,0,0,0,2022-01-17 06:47:05+00:00
639,0,1,0,0,0,0,2022-01-17 06:48:19+00:00
638,0,0,1,0,0,0,2022-01-17 07:54:15+00:00
637,1,0,0,0,0,0,2022-01-17 08:22:31+00:00
636,0,1,0,0,0,0,2022-01-17 17:37:36+00:00
635,0,0,0,0,1,0,2022-01-17 17:38:21+00:00
634,0,0,0,0,0,1,2022-01-17 17:39:53+00:00
633,0,1,0,0,0,0,2022-01-17 17:42:19+00:00
632,0,1,0,0,0,0,2022-01-17 17:45:23+00:00
631,0,0,0,0,0,1,2022-01-17 17:48:31+00:00
630,0,1,0,0,0,0,2022-01-17 17:55:55+00:00
629,0,0,1,0,0,0,2022-01-17 17:59:42+00:00
628,0,1,0,0,0,0,2022-01-17 18:02:28+00:00
627,0,0,0,0,0,1,2022-01-17 18:06:54+00:00
626,0,0,1,0,0,0,2022-01-18 09:37:59+00:00
625,0,0,0,0,0,1,2022-01-18 14:31:05+00:00
624,0,0,0,1,0,0,2022-01-18 15:53:58+00:00
623,0,1,0,0,0,0,2022-01-18 17:18:15+00:00
622,0,0,0,0,1,0,2022-01-18 17:31:47+00:00
621,1,0,0,0,0,0,2022-01-18 18:21:55+00:00
620,0,0,1,0,0,0,2022-01-19 08:01:06+00:00
619,0,1,0,0,0,0,2022-01-19 08:52:10+00:00
618,0,1,0,0,0,0,2022-01-19 13:37:51+00:00
617,0,0,1,0,0,0,2022-01-20 09:39:53+00:00
616,1,0,0,0,0,0,2022-01-20 11:03:23+00:00
615,1,0,0,0,0,0,2022-01-20 17:23:40+00:00
614,0,0,0,1,0,0,2022-01-20 19:06:45+00:00
613,0,1,0,0,0,0,2022-01-20 20:10:19+00:00
612,0,0,1,0,0,0,2022-01-20 20:57:41+00:00
611,1,0,0,0,0,0,2022-01-21 10:06:51+00:00
610,0,1,0,0,0,0,2022-01-21 10:08:13+00:00
609,0,1,0,0,0,0,2022-01-21 10:22:23+00:00
608,1,0,0,0,0,0,2022-01-21 13:04:44+00:00
607,1,0,0,0,0,0,2022-01-21 15:31:01+00:00
606,0,0,1,0,0,0,2022-01-21 19:07:29+00:00
605,0,0,0,0,0,1,2022-01-22 08:00:01+00:00
604,0,0,1,0,0,0,2022-01-22 12:10:26+00:00
603,0,0,1,0,0,0,2022-01-22 12:10:56+00:00
602,1,0,0,0,0,0,2022-01-22 12:15:26+00:00
601,0,1,0,0,0,0,2022-01-22 12:55:30+00:00
600,1,0,0,0,0,0,2022-01-22 12:56:51+00:00
599,0,0,0,0,0,1,2022-01-22 12:58:23+00:00
598,1,0,0,0,0,0,2022-01-22 15:53:36+00:00
597,0,1,0,0,0,0,2022-01-23 09:58:12+00:00
596,0,1,0,0,0,0,2022-01-23 11:04:40+00:00
595,0,1,0,0,0,0,2022-01-23 11:14:24+00:00
594,0,0,0,0,0,1,2022-01-23 11:20:02+00:00
593,0,0,1,0,0,0,2022-01-23 11:27:12+00:00
592,1,0,0,0,0,0,2022-01-23 11:30:08+00:00
591,0,0,0,0,0,1,2022-01-23 11:51:24+00:00
590,0,0,0,0,0,1,2022-01-23 11:53:54+00:00
589,0,1,0,0,0,0,2022-01-23 13:15:00+00:00
588,0,0,0,1,0,0,2022-01-23 13:25:47+00:00
587,1,0,0,0,0,0,2022-01-23 14:10:18+00:00
586,1,0,0,0,0,0,2022-01-23 18:54:54+00:00
585,1,0,0,0,0,0,2022-01-23 19:53:44+00:00
584,1,0,0,0,0,0,2022-01-24 10:01:28+00:00
583,1,0,0,0,0,0,2022-01-24 10:07:53+00:00
582,0,0,0,0,0,1,2022-01-24 10:10:45+00:00
581,0,0,1,0,0,0,2022-01-24 10:14:56+00:00
580,0,1,0,0,0,0,2022-01-24 10:16:20+00:00
579,0,0,0,0,1,0,2022-01-24 10:19:12+00:00
578,0,1,0,0,0,0,2022-01-24 10:20:33+00:00
577,1,0,0,0,0,0,2022-01-24 10:21:45+00:00
576,0,0,1,0,0,0,2022-01-24 10:23:25+00:00
575,0,0,1,0,0,0,2022-01-24 10:24:53+00:00
574,0,0,0,0,0,1,2022-01-24 10:28:26+00:00
573,1,0,0,0,0,0,2022-01-24 10:37:01+00:00
572,1,0,0,0,0,0,2022-01-24 10:45:28+00:00
571,0,0,1,0,0,0,2022-01-24 10:47:00+00:00
570,0,0,0,0,0,1,2022-01-24 10:51:05+00:00
569,0,0,1,0,0,0,2022-01-24 10:54:21+00:00
568,0,0,1,0,0,0,2022-01-24 11:03:26+00:00
567,0,0,1,0,0,0,2022-01-24 11:15:04+00:00
566,0,0,1,0,0,0,2022-01-24 16:51:18+00:00
565,0,0,1,0,0,0,2022-01-24 18:10:55+00:00
564,0,1,0,0,0,0,2022-01-24 18:22:48+00:00
563,0,0,1,0,0,0,2022-01-24 18:29:23+00:00
562,0,0,1,0,0,0,2022-01-24 18:39:22+00:00
561,1,0,0,0,0,0,2022-01-24 18:45:44+00:00
560,0,0,1,0,0,0,2022-01-24 20:19:33+00:00
559,0,1,0,0,0,0,2022-01-25 09:21:22+00:00
558,0,1,0,0,0,0,2022-01-25 16:39:10+00:00
557,0,0,1,0,0,0,2022-01-26 06:31:27+00:00
556,0,1,0,0,0,0,2022-01-26 06:45:16+00:00
555,0,1,0,0,0,0,2022-01-26 06:47:58+00:00
554,0,0,1,0,0,0,2022-01-26 06:53:53+00:00
553,0,1,0,0,0,0,2022-01-26 06:59:06+00:00
552,0,0,0,0,0,1,2022-01-26 07:22:44+00:00
551,1,0,0,0,0,0,2022-01-26 07:26:09+00:00
550,0,0,0,1,0,0,2022-01-26 07:48:28+00:00
549,0,0,1,0,0,0,2022-01-26 10:07:18+00:00
548,0,0,0,0,0,1,2022-01-26 16:39:52+00:00
547,1,0,0,0,0,0,2022-01-26 19:23:57+00:00
546,0,1,0,0,0,0,2022-01-26 20:44:11+00:00
545,0,0,1,0,0,0,2022-01-27 07:36:13+00:00
544,0,0,1,0,0,0,2022-01-27 07:40:10+00:00
543,0,1,0,0,0,0,2022-01-27 07:41:08+00:00
542,0,1,0,0,0,0,2022-01-27 10:57:20+00:00
541,0,0,1,0,0,0,2022-01-27 15:55:36+00:00
540,1,0,0,0,0,0,2022-01-27 16:48:21+00:00
539,0,0,1,0,0,0,2022-01-27 19:20:14+00:00
538,0,0,0,0,1,0,2022-01-28 11:31:20+00:00
537,0,1,0,0,0,0,2022-01-28 13:06:57+00:00
536,0,0,1,0,0,0,2022-01-28 19:13:49+00:00
535,0,0,0,0,1,0,2022-01-31 06:56:35+00:00
534,0,1,0,0,0,0,2022-01-31 07:36:50+00:00
533,0,1,0,0,0,0,2022-01-31 07:39:25+00:00
532,0,1,0,0,0,0,2022-01-31 07:43:09+00:00
531,0,0,1,0,0,0,2022-01-31 07:45:31+00:00
530,0,0,1,0,0,0,2022-01-31 08:33:07+00:00
529,0,0,1,0,0,0,2022-01-31 11:15:03+00:00
528,0,1,0,0,0,0,2022-01-31 11:36:00+00:00
527,0,1,0,0,0,0,2022-01-31 15:04:19+00:00
526,0,0,1,0,0,0,2022-01-31 16:55:29+00:00
525,0,1,0,0,0,0,2022-02-01 11:46:34+00:00
524,0,1,0,0,0,0,2022-02-01 17:09:55+00:00
523,0,0,0,0,0,1,2022-02-01 18:21:32+00:00
522,0,0,0,0,0,1,2022-02-01 18:25:49+00:00
521,0,1,0,0,0,0,2022-02-01 18:43:06+00:00
520,0,0,0,0,1,0,2022-02-01 18:47:27+00:00
519,0,0,1,0,0,0,2022-02-01 19:46:56+00:00
518,0,0,0,0,0,1,2022-02-02 06:35:06+00:00
517,1,0,0,0,0,0,2022-02-02 06:38:38+00:00
516,0,1,0,0,0,0,2022-02-02 06:55:26+00:00
515,0,1,0,0,0,0,2022-02-02 07:03:06+00:00
514,1,0,0,0,0,0,2022-02-02 07:16:31+00:00
513,0,1,0,0,0,0,2022-02-02 07:26:01+00:00
512,1,0,0,0,0,0,2022-02-02 07:35:23+00:00
511,0,0,0,0,0,1,2022-02-02 09:38:37+00:00
510,0,1,0,0,0,0,2022-02-02 10:27:02+00:00
509,0,0,1,0,0,0,2022-02-02 11:09:15+00:00
508,1,0,0,0,0,0,2022-02-02 14:40:07+00:00
507,1,0,0,0,0,0,2022-02-02 17:44:40+00:00
506,1,0,0,0,0,0,2022-02-03 08:12:12+00:00
505,0,0,1,0,0,0,2022-02-03 11:07:20+00:00
504,1,0,0,0,0,0,2022-02-03 11:08:50+00:00
503,1,0,0,0,0,0,2022-02-03 11:10:28+00:00
502,0,1,0,0,0,0,2022-02-03 11:17:38+00:00
501,0,0,0,0,0,1,2022-02-03 11:18:10+00:00
500,1,0,0,0,0,0,2022-02-03 14:03:26+00:00
499,0,0,0,1,0,0,2022-02-03 15:19:55+00:00
498,0,0,0,0,1,0,2022-02-03 16:00:02+00:00
497,0,1,0,0,0,0,2022-02-03 20:33:19+00:00
496,1,0,0,0,0,0,2022-02-03 20:43:43+00:00
495,0,1,0,0,0,0,2022-02-03 21:07:03+00:00
494,0,0,1,0,0,0,2022-02-03 21:12:37+00:00
493,0,1,0,0,0,0,2022-02-03 21:28:27+00:00
492,1,0,0,0,0,0,2022-02-03 21:29:30+00:00
491,1,0,0,0,0,0,2022-02-03 21:34:52+00:00
490,0,0,1,0,0,0,2022-02-04 09:26:28+00:00
489,1,0,0,0,0,0,2022-02-04 15:46:30+00:00
488,1,0,0,0,0,0,2022-02-04 15:48:11+00:00
487,1,0,0,0,0,0,2022-02-04 17:35:29+00:00
486,1,0,0,0,0,0,2022-02-04 17:36:25+00:00
485,1,0,0,0,0,0,2022-02-04 17:37:17+00:00
484,0,1,0,0,0,0,2022-02-04 18:59:03+00:00
483,1,0,0,0,0,0,2022-02-06 13:56:43+00:00
482,0,0,0,0,0,1,2022-02-06 14:33:38+00:00
481,0,0,0,0,0,1,2022-02-06 14:35:55+00:00
480,0,0,1,0,0,0,2022-02-06 14:37:08+00:00
479,1,0,0,0,0,0,2022-02-06 14:40:43+00:00
478,0,0,0,0,0,1,2022-02-06 14:47:59+00:00
477,0,0,0,0,0,1,2022-02-06 14:56:54+00:00
476,0,1,0,0,0,0,2022-02-06 15:01:48+00:00
475,1,0,0,0,0,0,2022-02-06 15:15:35+00:00
474,0,0,0,0,1,0,2022-02-06 15:22:18+00:00
473,0,0,0,1,0,0,2022-02-06 15:34:16+00:00
472,0,1,0,0,0,0,2022-02-06 17:39:52+00:00
471,0,1,0,0,0,0,2022-02-06 18:31:47+00:00
470,0,1,0,0,0,0,2022-02-06 22:11:48+00:00
469,0,1,0,0,0,0,2022-02-07 07:31:26+00:00
468,0,0,0,0,0,1,2022-02-07 16:03:17+00:00
467,0,1,0,0,0,0,2022-02-07 18:36:39+00:00
466,0,0,0,0,0,1,2022-02-07 18:44:34+00:00
465,0,0,1,0,0,0,2022-02-07 18:55:25+00:00
464,0,0,0,0,0,1,2022-02-07 19:01:03+00:00
463,0,0,0,0,0,1,2022-02-07 19:05:59+00:00
462,0,0,0,0,0,1,2022-02-07 19:20:49+00:00
461,0,0,0,0,0,1,2022-02-07 19:28:48+00:00
460,0,0,0,0,0,1,2022-02-07 20:11:12+00:00
459,0,0,0,1,0,0,2022-02-07 21:48:04+00:00
458,1,0,0,0,0,0,2022-02-08 07:20:55+00:00
457,1,0,0,0,0,0,2022-02-08 07:28:22+00:00
456,0,1,0,0,0,0,2022-02-08 07:31:53+00:00
455,0,0,0,0,0,1,2022-02-08 07:35:22+00:00
454,0,0,0,1,0,0,2022-02-08 07:57:08+00:00
453,0,0,1,0,0,0,2022-02-08 10:35:15+00:00
452,0,1,0,0,0,0,2022-02-08 10:35:39+00:00
451,0,1,0,0,0,0,2022-02-08 12:29:52+00:00
450,0,1,0,0,0,0,2022-02-09 06:52:34+00:00
449,0,1,0,0,0,0,2022-02-09 06:55:03+00:00
448,1,0,0,0,0,0,2022-02-09 10:30:26+00:00
447,0,0,0,1,0,0,2022-02-09 10:56:26+00:00
446,1,0,0,0,0,0,2022-02-09 18:33:17+00:00
445,1,0,0,0,0,0,2022-02-09 18:45:02+00:00
444,0,0,0,0,0,1,2022-02-09 19:29:34+00:00
443,1,0,0,0,0,0,2022-02-10 11:57:29+00:00
442,0,0,0,0,0,1,2022-02-10 13:25:35+00:00
441,1,0,0,0,0,0,2022-02-10 15:43:32+00:00
440,0,0,1,0,0,0,2022-02-10 20:36:16+00:00
439,0,0,1,0,0,0,2022-02-11 09:40:49+00:00
438,0,1,0,0,0,0,2022-02-12 08:09:45+00:00
437,0,1,0,0,0,0,2022-02-12 14:05:19+00:00
436,1,0,0,0,0,0,2022-02-12 14:23:43+00:00
435,0,1,0,0,0,0,2022-02-13 09:20:32+00:00
434,0,0,0,0,0,1,2022-02-13 21:04:24+00:00
433,0,1,0,0,0,0,2022-02-13 21:09:35+00:00
432,0,0,1,0,0,0,2022-02-13 21:15:17+00:00
431,0,0,0,0,0,1,2022-02-13 21:23:20+00:00
430,0,0,0,0,0,1,2022-02-13 21:35:17+00:00
429,0,1,0,0,0,0,2022-02-13 21:37:29+00:00
428,0,1,0,0,0,0,2022-02-14 07:36:00+00:00
427,0,0,0,0,0,1,2022-02-14 07:39:02+00:00
426,0,0,1,0,0,0,2022-02-14 12:36:02+00:00
425,0,0,1,0,0,0,2022-02-15 07:26:00+00:00
424,0,1,0,0,0,0,2022-02-15 07:27:22+00:00
423,0,0,0,0,0,1,2022-02-15 07:31:50+00:00
422,1,0,0,0,0,0,2022-02-15 07:35:38+00:00
421,0,0,0,0,0,1,2022-02-15 07:40:25+00:00
420,0,0,0,0,0,1,2022-02-15 07:47:03+00:00
419,0,1,0,0,0,0,2022-02-15 07:51:13+00:00
418,0,0,0,0,0,1,2022-02-15 07:59:27+00:00
417,0,0,0,0,0,1,2022-02-15 08:18:17+00:00
416,0,0,0,0,0,1,2022-02-15 09:27:37+00:00
415,0,0,0,0,0,1,2022-02-15 09:56:33+00:00
414,0,0,0,0,0,1,2022-02-15 10:50:13+00:00
413,0,1,0,0,0,0,2022-02-15 11:22:04+00:00
412,0,1,0,0,0,0,2022-02-15 11:26:03+00:00
411,0,1,0,0,0,0,2022-02-15 11:27:58+00:00
410,1,0,0,0,0,0,2022-02-15 14:47:46+00:00
409,0,0,0,0,0,1,2022-02-15 19:05:54+00:00
408,0,0,0,0,0,1,2022-02-15 19:20:49+00:00
407,0,0,0,0,0,1,2022-02-16 07:54:00+00:00
406,0,0,0,0,0,1,2022-02-16 10:40:40+00:00
405,0,0,1,0,0,0,2022-02-16 15:41:54+00:00
404,0,0,0,0,1,0,2022-02-16 18:46:54+00:00
403,0,0,0,0,1,0,2022-02-16 19:02:03+00:00
402,0,0,0,0,0,1,2022-02-16 19:12:36+00:00
401,0,0,0,1,0,0,2022-02-16 19:18:31+00:00
400,0,1,0,0,0,0,2022-02-16 19:32:34+00:00
399,0,0,0,0,1,0,2022-02-17 07:20:53+00:00
398,0,0,0,1,0,0,2022-02-17 07:24:41+00:00
397,0,0,0,0,0,1,2022-02-17 08:01:03+00:00
396,0,0,0,0,0,1,2022-02-17 08:32:50+00:00
395,0,0,0,0,0,1,2022-02-17 08:49:36+00:00
394,1,0,0,0,0,0,2022-02-17 14:53:10+00:00
393,0,0,0,0,0,1,2022-02-17 18:35:39+00:00
392,0,0,0,0,0,1,2022-02-17 18:39:42+00:00
391,0,0,0,1,0,0,2022-02-17 18:53:02+00:00
390,0,0,0,0,0,1,2022-02-17 18:54:29+00:00
389,0,0,0,0,0,1,2022-02-18 07:58:00+00:00
388,0,0,1,0,0,0,2022-02-18 17:18:45+00:00
387,0,1,0,0,0,0,2022-02-18 18:40:59+00:00
386,0,1,0,0,0,0,2022-02-18 19:16:49+00:00
385,0,1,0,0,0,0,2022-02-19 12:03:30+00:00
384,0,1,0,0,0,0,2022-02-21 07:14:15+00:00
383,0,1,0,0,0,0,2022-02-21 07:18:05+00:00
382,0,0,0,0,0,1,2022-02-21 07:25:32+00:00
381,0,0,0,0,0,1,2022-02-21 07:31:41+00:00
380,1,0,0,0,0,0,2022-02-21 07:44:55+00:00
379,0,0,0,0,0,1,2022-02-21 07:49:25+00:00
378,0,0,0,0,0,1,2022-02-21 07:54:49+00:00
377,1,0,0,0,0,0,2022-02-21 08:42:16+00:00
376,0,0,1,0,0,0,2022-02-21 19:55:32+00:00
375,0,0,0,0,0,1,2022-02-22 09:14:12+00:00
374,0,0,1,0,0,0,2022-02-22 09:24:58+00:00
373,0,1,0,0,0,0,2022-02-22 09:42:36+00:00
372,0,1,0,0,0,0,2022-02-22 15:30:40+00:00
371,0,0,0,0,0,1,2022-02-22 16:48:19+00:00
370,1,0,0,0,0,0,2022-02-22 18:24:59+00:00
369,0,0,0,1,0,0,2022-02-22 19:22:17+00:00
368,0,0,0,0,0,1,2022-02-22 20:03:51+00:00
367,0,0,0,0,1,0,2022-02-22 20:51:18+00:00
366,0,0,0,0,0,1,2022-02-23 10:49:30+00:00
365,0,0,0,0,0,1,2022-02-23 17:50:58+00:00
364,0,1,0,0,0,0,2022-02-24 06:44:07+00:00
363,0,1,0,0,0,0,2022-02-24 06:46:34+00:00
362,0,0,0,0,0,1,2022-02-24 06:50:13+00:00
361,0,0,0,0,0,1,2022-02-24 07:31:13+00:00
360,0,1,0,0,0,0,2022-02-24 08:16:02+00:00
359,0,0,1,0,0,0,2022-02-24 13:26:36+00:00
358,1,0,0,0,0,0,2022-02-24 18:34:58+00:00
357,1,0,0,0,0,0,2022-02-24 18:39:35+00:00
356,0,0,0,0,1,0,2022-02-24 18:43:15+00:00
355,0,1,0,0,0,0,2022-02-24 18:55:34+00:00
354,0,0,0,0,0,1,2022-02-24 19:01:31+00:00
353,0,0,1,0,0,0,2022-02-24 19:15:24+00:00
352,0,0,1,0,0,0,2022-02-24 19:21:52+00:00
351,1,0,0,0,0,0,2022-02-24 19:41:54+00:00
350,0,0,1,0,0,0,2022-02-25 10:59:50+00:00
349,0,0,0,0,0,1,2022-02-25 15:22:15+00:00
348,0,1,0,0,0,0,2022-02-26 09:33:07+00:00
347,0,0,1,0,0,0,2022-02-26 12:00:48+00:00
346,0,0,0,1,0,0,2022-02-26 14:27:28+00:00
345,0,1,0,0,0,0,2022-02-26 16:41:03+00:00
344,0,1,0,0,0,0,2022-02-27 08:31:22+00:00
343,0,0,0,0,0,1,2022-02-27 15:08:54+00:00
342,0,0,0,0,0,1,2022-02-28 08:50:58+00:00
341,1,0,0,0,0,0,2022-02-28 09:32:54+00:00
340,0,0,0,0,0,1,2022-02-28 09:51:22+00:00
339,1,0,0,0,0,0,2022-02-28 10:17:39+00:00
338,0,0,1,0,0,0,2022-02-28 19:06:43+00:00
337,0,0,0,0,0,1,2022-03-01 09:29:02+00:00
336,0,1,0,0,0,0,2022-03-01 15:55:45+00:00
335,0,1,0,0,0,0,2022-03-01 15:57:26+00:00
334,0,1,0,0,0,0,2022-03-01 16:01:41+00:00
333,0,1,0,0,0,0,2022-03-01 16:28:17+00:00
332,0,1,0,0,0,0,2022-03-01 16:42:13+00:00
331,0,0,0,0,0,1,2022-03-01 17:00:53+00:00
330,0,1,0,0,0,0,2022-03-01 17:03:56+00:00
329,0,1,0,0,0,0,2022-03-01 17:10:06+00:00
328,1,0,0,0,0,0,2022-03-01 17:21:10+00:00
327,1,0,0,0,0,0,2022-03-01 19:23:30+00:00
326,1,0,0,0,0,0,2022-03-01 19:45:26+00:00
325,0,1,0,0,0,0,2022-03-01 19:54:42+00:00
324,1,0,0,0,0,0,2022-03-01 20:08:31+00:00
323,0,0,0,1,0,0,2022-03-02 11:16:54+00:00
322,0,1,0,0,0,0,2022-03-02 12:02:18+00:00
321,0,0,1,0,0,0,2022-03-02 16:09:46+00:00
320,0,0,0,0,0,1,2022-03-02 16:10:40+00:00
319,0,0,1,0,0,0,2022-03-02 16:35:58+00:00
318,0,1,0,0,0,0,2022-03-03 14:17:44+00:00
317,0,0,1,0,0,0,2022-03-03 14:24:12+00:00
316,0,0,1,0,0,0,2022-03-03 14:38:37+00:00
315,1,0,0,0,0,0,2022-03-03 14:40:41+00:00
314,1,0,0,0,0,0,2022-03-03 16:39:44+00:00
313,0,0,0,0,0,1,2022-03-03 16:54:01+00:00
312,1,0,0,0,0,0,2022-03-03 19:22:23+00:00
311,0,1,0,0,0,0,2022-03-04 16:29:43+00:00
310,1,0,0,0,0,0,2022-03-04 20:22:56+00:00
309,0,0,0,0,0,1,2022-03-05 16:44:22+00:00
308,1,0,0,0,0,0,2022-03-05 18:36:54+00:00
307,0,1,0,0,0,0,2022-03-05 18:44:35+00:00
306,1,0,0,0,0,0,2022-03-05 18:49:27+00:00
305,1,0,0,0,0,0,2022-03-05 18:56:02+00:00
304,0,1,0,0,0,0,2022-03-05 18:59:03+00:00
303,1,0,0,0,0,0,2022-03-05 19:01:46+00:00
302,0,0,0,0,0,1,2022-03-05 19:06:19+00:00
301,0,1,0,0,0,0,2022-03-05 19:23:22+00:00
300,0,1,0,0,0,0,2022-03-05 19:32:05+00:00
299,0,0,0,0,0,1,2022-03-06 07:30:00+00:00
298,1,0,0,0,0,0,2022-03-06 09:10:17+00:00
297,0,1,0,0,0,0,2022-03-06 12:16:33+00:00
296,0,1,0,0,0,0,2022-03-06 12:20:37+00:00
295,0,1,0,0,0,0,2022-03-06 13:34:24+00:00
294,0,0,0,0,0,1,2022-03-06 13:43:57+00:00
293,0,1,0,0,0,0,2022-03-06 14:10:37+00:00
292,0,0,0,0,0,1,2022-03-06 14:20:33+00:00
291,1,0,0,0,0,0,2022-03-07 09:43:58+00:00
290,0,0,0,0,0,1,2022-03-07 12:27:34+00:00
289,0,0,0,0,0,1,2022-03-07 15:36:38+00:00
288,0,0,0,0,0,1,2022-03-07 22:22:25+00:00
287,0,0,1,0,0,0,2022-03-07 22:26:58+00:00
286,0,1,0,0,0,0,2022-03-08 08:24:16+00:00
285,0,1,0,0,0,0,2022-03-08 14:43:22+00:00
284,0,0,0,0,0,1,2022-03-08 19:56:04+00:00
283,0,1,0,0,0,0,2022-03-08 20:08:51+00:00
282,1,0,0,0,0,0,2022-03-08 20:16:52+00:00
281,0,0,1,0,0,0,2022-03-08 20:19:53+00:00
280,0,1,0,0,0,0,2022-03-08 20:22:36+00:00
279,0,0,0,0,0,1,2022-03-08 20:38:16+00:00
278,1,0,0,0,0,0,2022-03-08 20:42:44+00:00
277,0,1,0,0,0,0,2022-03-08 21:02:12+00:00
276,0,1,0,0,0,0,2022-03-08 21:03:56+00:00
275,0,1,0,0,0,0,2022-03-08 21:07:05+00:00
274,0,1,0,0,0,0,2022-03-08 21:13:35+00:00
273,0,0,0,0,0,1,2022-03-08 21:24:24+00:00
272,0,0,0,0,0,1,2022-03-08 21:26:35+00:00
271,0,1,0,0,0,0,2022-03-08 21:38:53+00:00
270,1,0,0,0,0,0,2022-03-09 09:58:53+00:00
269,0,0,0,0,0,1,2022-03-09 10:01:36+00:00
268,0,0,1,0,0,0,2022-03-09 10:03:11+00:00
267,0,0,0,0,1,0,2022-03-09 10:03:44+00:00
266,1,0,0,0,0,0,2022-03-09 10:04:20+00:00
265,0,0,0,0,1,0,2022-03-09 11:17:05+00:00
264,0,0,0,0,1,0,2022-03-09 13:24:44+00:00
263,0,1,0,0,0,0,2022-03-09 14:07:44+00:00
262,1,0,0,0,0,0,2022-03-09 15:22:14+00:00
261,0,1,0,0,0,0,2022-03-09 16:06:53+00:00
260,0,0,1,0,0,0,2022-03-09 18:04:35+00:00
259,0,1,0,0,0,0,2022-03-10 07:26:38+00:00
258,0,1,0,0,0,0,2022-03-10 07:26:39+00:00
257,0,0,1,0,0,0,2022-03-10 07:26:39+00:00
256,0,0,1,0,0,0,2022-03-10 08:24:10+00:00
255,0,0,0,0,0,1,2022-03-10 08:57:52+00:00
254,0,0,0,0,0,1,2022-03-10 09:19:19+00:00
253,0,0,0,0,0,1,2022-03-10 19:38:11+00:00
252,0,0,1,0,0,0,2022-03-10 19:51:37+00:00
251,1,0,0,0,0,0,2022-03-10 19:58:10+00:00
250,0,1,0,0,0,0,2022-03-10 20:03:09+00:00
249,0,1,0,0,0,0,2022-03-10 20:05:28+00:00
248,0,0,1,0,0,0,2022-03-10 20:13:09+00:00
247,0,1,0,0,0,0,2022-03-10 20:21:49+00:00
246,0,0,0,0,1,0,2022-03-10 20:24:50+00:00
245,0,1,0,0,0,0,2022-03-10 20:47:46+00:00
244,0,0,1,0,0,0,2022-03-10 20:58:03+00:00
243,0,0,1,0,0,0,2022-03-11 15:09:07+00:00
242,0,0,1,0,0,0,2022-03-12 12:23:12+00:00
241,0,0,1,0,0,0,2022-03-12 12:23:49+00:00
240,0,0,1,0,0,0,2022-03-12 12:24:32+00:00
239,0,0,1,0,0,0,2022-03-12 12:25:25+00:00
238,0,0,1,0,0,0,2022-03-12 12:26:16+00:00
237,0,0,0,0,1,0,2022-03-12 12:27:11+00:00
236,0,0,0,0,1,0,2022-03-12 12:28:01+00:00
235,0,1,0,0,0,0,2022-03-12 12:28:34+00:00
234,0,0,1,0,0,0,2022-03-12 12:29:04+00:00
233,1,0,0,0,0,0,2022-03-12 19:05:19+00:00
232,0,1,0,0,0,0,2022-03-12 19:45:50+00:00
231,0,0,1,0,0,0,2022-03-13 11:35:48+00:00
230,0,0,1,0,0,0,2022-03-13 12:09:00+00:00
229,0,1,0,0,0,0,2022-03-13 13:20:43+00:00
228,0,1,0,0,0,0,2022-03-13 13:23:38+00:00
227,0,1,0,0,0,0,2022-03-13 13:34:05+00:00
226,0,0,0,0,1,0,2022-03-13 13:54:06+00:00
225,0,1,0,0,0,0,2022-03-13 18:17:20+00:00
224,1,0,0,0,0,0,2022-03-13 18:21:10+00:00
223,1,0,0,0,0,0,2022-03-13 18:22:35+00:00
222,1,0,0,0,0,0,2022-03-13 19:25:23+00:00
221,1,0,0,0,0,0,2022-03-13 19:25:52+00:00
220,1,0,0,0,0,0,2022-03-13 19:26:26+00:00
219,1,0,0,0,0,0,2022-03-13 19:27:18+00:00
218,0,0,1,0,0,0,2022-03-14 09:36:42+00:00
217,0,0,0,0,0,1,2022-03-14 11:24:06+00:00
216,0,0,0,0,1,0,2022-03-14 13:16:30+00:00
215,0,1,0,0,0,0,2022-03-14 19:44:01+00:00
214,0,1,0,0,0,0,2022-03-14 21:42:50+00:00
213,1,0,0,0,0,0,2022-03-14 21:52:21+00:00
212,1,0,0,0,0,0,2022-03-14 21:53:32+00:00
211,0,1,0,0,0,0,2022-03-14 21:56:25+00:00
210,0,0,0,0,0,1,2022-03-14 22:07:25+00:00
209,1,0,0,0,0,0,2022-03-14 22:17:31+00:00
208,0,1,0,0,0,0,2022-03-15 10:56:05+00:00
207,0,0,1,0,0,0,2022-03-15 18:49:21+00:00
206,1,0,0,0,0,0,2022-03-15 18:51:43+00:00
205,0,0,1,0,0,0,2022-03-15 18:55:45+00:00
204,1,0,0,0,0,0,2022-03-15 19:10:15+00:00
203,1,0,0,0,0,0,2022-03-15 19:13:39+00:00
202,0,0,1,0,0,0,2022-03-15 19:24:25+00:00
201,1,0,0,0,0,0,2022-03-15 19:38:24+00:00
200,0,0,0,0,1,0,2022-03-15 20:06:24+00:00
199,0,0,0,0,0,1,2022-03-15 20:33:33+00:00
198,0,0,0,0,1,0,2022-03-16 09:03:34+00:00
197,0,1,0,0,0,0,2022-03-16 20:43:07+00:00
196,1,0,0,0,0,0,2022-03-17 09:49:18+00:00
195,0,1,0,0,0,0,2022-03-17 09:57:45+00:00
194,0,1,0,0,0,0,2022-03-17 10:31:54+00:00
193,0,0,1,0,0,0,2022-03-17 11:28:30+00:00
192,0,1,0,0,0,0,2022-03-17 14:17:17+00:00
191,0,0,1,0,0,0,2022-03-17 14:51:32+00:00
190,1,0,0,0,0,0,2022-03-17 15:25:38+00:00
189,0,1,0,0,0,0,2022-03-17 16:15:00+00:00
188,0,1,0,0,0,0,2022-03-17 19:11:18+00:00
187,1,0,0,0,0,0,2022-03-18 07:24:51+00:00
186,0,0,1,0,0,0,2022-03-18 07:46:41+00:00
185,0,1,0,0,0,0,2022-03-18 07:57:57+00:00
184,0,1,0,0,0,0,2022-03-18 08:00:52+00:00
183,0,0,0,1,0,0,2022-03-18 08:24:56+00:00
182,0,0,0,0,1,0,2022-03-18 08:34:39+00:00
181,1,0,0,0,0,0,2022-03-18 08:54:21+00:00
180,1,0,0,0,0,0,2022-03-18 09:23:37+00:00
179,0,0,1,0,0,0,2022-03-18 10:03:23+00:00
178,0,1,0,0,0,0,2022-03-18 12:05:51+00:00
177,1,0,0,0,0,0,2022-03-19 09:06:22+00:00
176,0,0,0,0,0,1,2022-03-19 10:47:14+00:00
175,1,0,0,0,0,0,2022-03-20 11:16:02+00:00
174,1,0,0,0,0,0,2022-03-20 11:19:53+00:00
173,0,0,0,0,0,1,2022-03-20 11:48:46+00:00
172,1,0,0,0,0,0,2022-03-20 19:41:46+00:00
171,0,1,0,0,0,0,2022-03-21 06:51:25+00:00
170,0,1,0,0,0,0,2022-03-21 06:53:54+00:00
169,1,0,0,0,0,0,2022-03-21 06:56:24+00:00
168,1,0,0,0,0,0,2022-03-21 06:59:40+00:00
167,0,0,0,0,1,0,2022-03-21 07:55:29+00:00
166,0,1,0,0,0,0,2022-03-21 08:15:05+00:00
165,0,1,0,0,0,0,2022-03-21 08:44:19+00:00
164,0,0,0,0,0,1,2022-03-21 13:06:24+00:00
163,1,0,0,0,0,0,2022-03-21 19:20:17+00:00
162,0,1,0,0,0,0,2022-03-21 19:26:33+00:00
161,0,1,0,0,0,0,2022-03-21 19:30:07+00:00
160,1,0,0,0,0,0,2022-03-21 19:32:25+00:00
159,1,0,0,0,0,0,2022-03-21 19:51:17+00:00
158,0,0,1,0,0,0,2022-03-21 19:56:52+00:00
157,0,0,1,0,0,0,2022-03-21 20:10:16+00:00
156,1,0,0,0,0,0,2022-03-22 07:26:04+00:00
155,1,0,0,0,0,0,2022-03-22 08:12:19+00:00
154,0,0,0,0,1,0,2022-03-22 17:36:16+00:00
153,0,1,0,0,0,0,2022-03-22 18:48:53+00:00
152,0,0,1,0,0,0,2022-03-23 06:43:32+00:00
151,1,0,0,0,0,0,2022-03-23 06:47:28+00:00
150,0,1,0,0,0,0,2022-03-23 06:49:46+00:00
149,0,1,0,0,0,0,2022-03-23 07:22:57+00:00
148,0,0,1,0,0,0,2022-03-23 07:52:21+00:00
147,0,0,0,0,1,0,2022-03-23 21:44:40+00:00
146,0,1,0,0,0,0,2022-03-23 21:49:38+00:00
145,0,1,0,0,0,0,2022-03-23 21:55:17+00:00
144,0,1,0,0,0,0,2022-03-23 21:58:43+00:00
143,0,1,0,0,0,0,2022-03-23 22:23:05+00:00
142,0,1,0,0,0,0,2022-03-24 21:08:15+00:00
141,0,0,1,0,0,0,2022-03-24 21:11:46+00:00
140,0,0,0,0,0,1,2022-03-24 21:18:45+00:00
139,0,0,0,1,0,0,2022-03-24 21:26:02+00:00
138,0,1,0,0,0,0,2022-03-24 21:27:43+00:00
137,0,1,0,0,0,0,2022-03-24 21:37:50+00:00
136,0,1,0,0,0,0,2022-03-24 22:03:30+00:00
135,0,0,0,1,0,0,2022-03-25 09:10:39+00:00
134,0,0,1,0,0,0,2022-03-25 18:37:21+00:00
133,0,0,1,0,0,0,2022-03-26 10:32:01+00:00
132,0,1,0,0,0,0,2022-03-27 12:10:15+00:00
131,1,0,0,0,0,0,2022-03-27 12:18:24+00:00
130,1,0,0,0,0,0,2022-03-27 12:29:38+00:00
129,0,1,0,0,0,0,2022-03-27 12:31:19+00:00
128,0,1,0,0,0,0,2022-03-27 12:32:36+00:00
127,0,1,0,0,0,0,2022-03-27 12:34:01+00:00
126,0,1,0,0,0,0,2022-03-27 15:34:39+00:00
125,0,1,0,0,0,0,2022-03-28 06:21:39+00:00
124,1,0,0,0,0,0,2022-03-28 06:27:00+00:00
123,1,0,0,0,0,0,2022-03-28 06:32:33+00:00
122,1,0,0,0,0,0,2022-03-28 06:55:33+00:00
121,1,0,0,0,0,0,2022-03-28 09:29:48+00:00
120,0,0,0,0,1,0,2022-03-28 13:35:56+00:00
119,0,0,1,0,0,0,2022-03-28 17:06:51+00:00
118,1,0,0,0,0,0,2022-03-28 17:44:00+00:00
117,0,0,1,0,0,0,2022-03-28 17:45:45+00:00
116,1,0,0,0,0,0,2022-03-28 17:47:14+00:00
115,0,1,0,0,0,0,2022-03-28 17:54:34+00:00
114,1,0,0,0,0,0,2022-03-28 18:00:09+00:00
113,0,1,0,0,0,0,2022-03-28 18:14:07+00:00
112,0,1,0,0,0,0,2022-03-28 18:21:04+00:00
111,0,0,0,0,1,0,2022-03-28 19:14:28+00:00
110,1,0,0,0,0,0,2022-03-29 07:05:16+00:00
109,1,0,0,0,0,0,2022-03-29 07:08:31+00:00
108,0,1,0,0,0,0,2022-03-29 07:12:05+00:00
107,0,0,0,0,0,1,2022-03-29 07:14:58+00:00
106,1,0,0,0,0,0,2022-03-29 07:21:53+00:00
105,0,1,0,0,0,0,2022-03-29 09:23:34+00:00
104,1,0,0,0,0,0,2022-03-29 10:18:50+00:00
103,0,0,0,0,0,1,2022-03-29 10:23:39+00:00
102,1,0,0,0,0,0,2022-03-29 13:40:00+00:00
101,0,1,0,0,0,0,2022-03-29 14:25:03+00:00
100,1,0,0,0,0,0,2022-03-29 18:15:59+00:00
99,0,0,0,1,0,0,2022-03-29 18:34:45+00:00
98,0,1,0,0,0,0,2022-03-29 18:38:42+00:00
97,1,0,0,0,0,0,2022-03-29 18:41:38+00:00
96,0,0,0,0,0,1,2022-03-29 19:07:58+00:00
95,0,1,0,0,0,0,2022-03-30 07:32:03+00:00
94,0,1,0,0,0,0,2022-03-30 07:46:39+00:00
93,0,0,0,0,1,0,2022-03-30 07:48:46+00:00
92,0,0,1,0,0,0,2022-03-30 08:06:00+00:00
91,0,0,0,0,1,0,2022-03-30 09:56:53+00:00
90,0,1,0,0,0,0,2022-03-30 19:18:30+00:00
89,0,0,0,0,1,0,2022-03-30 21:12:34+00:00
88,0,1,0,0,0,0,2022-03-30 21:13:15+00:00
87,0,1,0,0,0,0,2022-03-31 06:29:12+00:00
86,0,1,0,0,0,0,2022-03-31 06:32:21+00:00
85,1,0,0,0,0,0,2022-03-31 06:39:54+00:00
84,0,0,1,0,0,0,2022-03-31 06:54:09+00:00
83,0,0,1,0,0,0,2022-03-31 16:07:40+00:00
82,0,1,0,0,0,0,2022-03-31 17:50:35+00:00
81,0,0,1,0,0,0,2022-03-31 20:05:09+00:00
80,0,0,1,0,0,0,2022-03-31 20:06:20+00:00
79,1,0,0,0,0,0,2022-03-31 20:15:48+00:00
78,0,0,1,0,0,0,2022-03-31 20:19:03+00:00
77,0,0,0,0,1,0,2022-03-31 21:34:45+00:00
76,0,1,0,0,0,0,2022-03-31 21:36:28+00:00
75,0,0,0,0,1,0,2022-03-31 21:38:32+00:00
74,0,0,1,0,0,0,2022-04-01 05:44:22+00:00
73,0,1,0,0,0,0,2022-04-01 05:51:57+00:00
72,0,0,1,0,0,0,2022-04-01 05:55:24+00:00
71,0,0,0,1,0,0,2022-04-01 06:03:07+00:00
70,0,0,1,0,0,0,2022-04-01 17:19:12+00:00
69,0,0,0,1,0,0,2022-04-01 17:20:55+00:00
68,0,0,0,0,0,1,2022-04-02 13:22:04+00:00
67,0,0,0,0,1,0,2022-04-02 13:23:02+00:00
66,0,0,0,0,1,0,2022-04-02 13:33:18+00:00
65,0,0,0,0,1,0,2022-04-02 13:35:52+00:00
64,0,0,1,0,0,0,2022-04-02 13:42:51+00:00
63,0,1,0,0,0,0,2022-04-02 13:52:04+00:00
62,0,1,0,0,0,0,2022-04-02 14:01:32+00:00
61,1,0,0,0,0,0,2022-04-02 14:05:05+00:00
60,0,0,0,0,1,0,2022-04-02 14:13:55+00:00
59,0,0,0,0,1,0,2022-04-02 14:24:41+00:00
58,0,0,1,0,0,0,2022-04-03 17:57:17+00:00
57,0,0,0,0,0,1,2022-04-04 06:37:37+00:00
56,0,0,1,0,0,0,2022-04-04 06:47:15+00:00
55,0,1,0,0,0,0,2022-04-04 06:51:03+00:00
54,0,0,1,0,0,0,2022-04-04 06:52:55+00:00
53,0,0,1,0,0,0,2022-04-04 07:12:22+00:00
52,0,0,1,0,0,0,2022-04-04 08:18:34+00:00
51,0,0,0,0,0,1,2022-04-04 17:51:21+00:00
50,1,0,0,0,0,0,2022-04-04 18:35:31+00:00
49,1,0,0,0,0,0,2022-04-04 19:04:37+00:00
48,0,0,0,0,1,0,2022-04-05 06:13:22+00:00
47,0,0,1,0,0,0,2022-04-05 06:16:49+00:00
46,0,0,1,0,0,0,2022-04-05 06:21:34+00:00
45,0,0,1,0,0,0,2022-04-05 06:25:45+00:00
44,0,0,1,0,0,0,2022-04-05 06:31:06+00:00
43,1,0,0,0,0,0,2022-04-05 06:37:47+00:00
42,0,0,1,0,0,0,2022-04-05 06:41:33+00:00
41,0,0,0,0,1,0,2022-04-05 06:52:32+00:00
40,0,0,1,0,0,0,2022-04-05 06:56:55+00:00
39,0,0,0,0,0,1,2022-04-05 07:29:11+00:00
38,0,1,0,0,0,0,2022-04-05 07:38:41+00:00
37,0,0,1,0,0,0,2022-04-05 07:42:58+00:00
36,0,0,1,0,0,0,2022-04-05 18:28:43+00:00
35,0,0,0,1,0,0,2022-04-05 18:30:18+00:00
34,0,0,1,0,0,0,2022-04-05 18:32:10+00:00
33,0,0,0,0,0,1,2022-04-05 18:34:11+00:00
32,0,0,0,0,1,0,2022-04-05 18:44:25+00:00
31,0,0,0,0,1,0,2022-04-05 19:15:00+00:00
30,0,0,0,1,0,0,2022-04-06 07:05:26+00:00
29,0,0,1,0,0,0,2022-04-06 10:14:42+00:00
28,0,0,0,0,1,0,2022-04-06 10:28:40+00:00
27,0,1,0,0,0,0,2022-04-06 14:28:59+00:00
26,0,0,0,0,0,1,2022-04-06 18:52:15+00:00
25,0,0,0,0,1,0,2022-04-06 18:55:22+00:00
24,0,1,0,0,0,0,2022-04-06 19:10:19+00:00
23,0,0,0,0,1,0,2022-04-06 19:12:45+00:00
22,0,0,0,0,1,0,2022-04-06 19:52:49+00:00
21,0,1,0,0,0,0,2022-04-07 06:44:27+00:00
20,0,0,0,0,0,1,2022-04-07 06:46:15+00:00
19,0,0,1,0,0,0,2022-04-07 06:49:17+00:00
18,0,0,0,0,1,0,2022-04-07 06:50:30+00:00
17,0,0,0,0,0,1,2022-04-07 06:54:28+00:00
16,0,1,0,0,0,0,2022-04-07 06:59:53+00:00
15,0,0,0,0,0,1,2022-04-07 07:04:37+00:00
14,0,0,0,0,1,0,2022-04-07 09:49:09+00:00
13,0,0,1,0,0,0,2022-04-07 17:45:46+00:00
12,0,0,0,0,0,1,2022-04-07 18:09:52+00:00
11,0,1,0,0,0,0,2022-04-07 18:18:34+00:00
10,0,0,0,0,1,0,2022-04-07 18:26:10+00:00
9,0,1,0,0,0,0,2022-04-08 06:40:23+00:00
8,0,0,0,0,0,1,2022-04-08 06:42:27+00:00
7,0,0,0,1,0,0,2022-04-08 06:44:28+00:00
6,0,0,1,0,0,0,2022-04-08 07:12:02+00:00
5,0,0,0,1,0,0,2022-04-08 10:15:21+00:00
4,0,0,1,0,0,0,2022-04-08 16:59:00+00:00
3,0,0,1,0,0,0,2022-04-10 18:17:31+00:00
2,0,0,1,0,0,0,2022-04-10 18:19:40+00:00
1,0,0,1,0,0,0,2022-04-10 18:22:23+00:00
0,0,1,0,0,0,0,2022-04-10 18:23:50+00:00
